crossing time (s)	slope (V/s)	crossing number
281474976710655.000000	80.258087	1808	0.000000
281474976710655.000000	93.213608	1809	0.000000
281474976710655.000000	40.115593	1810	0.000000
281474976710655.000000	31.361261	1811	0.000000
281474976710655.000000	26.506500	1812	0.000000
281474976710655.000000	18.805315	1813	0.000000
281474976710655.000000	14.317106	1814	0.000000
281474976710655.000000	10.588437	1815	0.000000
281474976710655.000000	7.101492	1816	0.000000
281474976710655.000000	5.370888	1817	0.000000
281474976710655.000000	3.910617	1818	0.000000
281474976710655.000000	2.406185	1819	0.000000
281474976710655.000000	1.882199	1820	0.000000
