crossing time (s)	slope (V/s)	crossing number
281474976710655.000000	78.008064	1841	0.000000
281474976710655.000000	54.628410	1842	0.000000
281474976710655.000000	45.533501	1843	0.000000
281474976710655.000000	35.089310	1844	0.000000
281474976710655.000000	22.505667	1845	0.000000
281474976710655.000000	17.282705	1846	0.000000
281474976710655.000000	12.854754	1847	0.000000
281474976710655.000000	9.666101	1848	0.000000
281474976710655.000000	7.142260	1849	0.000000
281474976710655.000000	4.902816	1850	0.000000
281474976710655.000000	3.761933	1851	0.000000
281474976710655.000000	2.441596	1852	0.000000
281474976710655.000000	1.864944	1853	0.000000
