crossing time (s)	slope (V/s)	crossing number
281474976710655.000000	66.838684	1824	0.000000
281474976710655.000000	66.338463	1825	0.000000
281474976710655.000000	49.069183	1826	0.000000
281474976710655.000000	45.178299	1827	0.000000
281474976710655.000000	36.229137	1828	0.000000
281474976710655.000000	29.978313	1829	0.000000
281474976710655.000000	23.025713	1830	0.000000
281474976710655.000000	15.612765	1831	0.000000
281474976710655.000000	12.094704	1832	0.000000
281474976710655.000000	8.143364	1833	0.000000
281474976710655.000000	5.856279	1834	0.000000
281474976710655.000000	4.198543	1835	0.000000
281474976710655.000000	2.931866	1836	0.000000
281474976710655.000000	2.176252	1837	0.000000
