num crossings	time (s)	maj axis (mm)	min axis (mm)	theta (rad )	slope (V/s)
1515	4363.826408	1.514641	-1.538157	0.580462	119.194739
1517	4369.572385	62.381378	-1.680927	0.569611	94.773695
1519	4371.658347	53.139484	-1.263941	0.562195	90.495127
1521	4373.735477	44.046594	-1.107316	0.581993	73.866079
1523	4375.797858	35.331677	-0.839246	0.616053	51.615822
1525	4377.886451	28.034292	-0.817162	0.620111	23.029709
1527	4380.000436	22.154312	-0.855270	0.583036	19.468067
1529	4382.139779	17.713840	-0.714002	0.536914	13.189717
1531	4384.266102	14.050907	-0.592892	0.505173	7.002806
